0010  ff ff ff ff ff ff 98 e7 43 a2 42 8f 08 00 45 00
0010  01 58 4a c0 00 00 80 11 ee d5 00 00 00 00 ff ff
0010  ff ff 00 44 00 43 01 44 00 a9 01 01 06 00 3e dd
0010  f0 92 00 00 00 00 00 00 00 00 00 00 00 00 00 00
0010  00 00 00 00 00 00 98 e7 43 a2 42 8f 00 00 00 00
0010  00 00 00 00 00 00 00 00 00 00 00 00 00 00 00 00
0010  00 00 00 00 00 00 00 00 00 00 00 00 00 00 00 00
0010  00 00 00 00 00 00 00 00 00 00 00 00 00 00 00 00
0010  00 00 00 00 00 00 00 00 00 00 00 00 00 00 00 00
0010  00 00 00 00 00 00 00 00 00 00 00 00 00 00 00 00
0010  00 00 00 00 00 00 00 00 00 00 00 00 00 00 00 00
0010  00 00 00 00 00 00 00 00 00 00 00 00 00 00 00 00
0010  00 00 00 00 00 00 00 00 00 00 00 00 00 00 00 00
0010  00 00 00 00 00 00 00 00 00 00 00 00 00 00 00 00
0010  00 00 00 00 00 00 00 00 00 00 00 00 00 00 00 00
0010  00 00 00 00 00 00 00 00 00 00 00 00 00 00 00 00
0010  00 00 00 00 00 00 00 00 00 00 00 00 00 00 00 00
0010  00 00 00 00 00 00 63 82 53 63 35 01 03 3d 07 01
0010  98 e7 43 a2 42 8f 32 04 86 3b 81 cf 0c 06 52 45
0010  54 49 4e 45 51 15 00 00 00 52 45 54 49 4e 45 2e
0010  61 64 2e 69 6e 72 69 61 2e 66 72 3c 08 4d 53 46
0010  54 20 35 2e 30 37 0e 01 03 06 0f 1f 21 2b 2c 2e
0010  2f 77 79 f9 fc ff             
